4
0
0
3
0
32
0
0
72,1
-1.06187173
-1.14403561
1.83981707
-0.22000542
-0.41354602
-0.51093258
1.96393907
-1.04659636
0.06522219
-0.67759037
2.60252137
-1.39559041
-0.47816889
-0.02709642
1.44406197
-0.94900022
0.61048541
-0.11288166
-1.07519856
0.47236143
0.33508333
-0.06526070
-1.01375295
0.86322432
-0.23457286
-0.00322279
0.29089850
-0.15874256
-0.00630542
0.00082785
-0.00808540
-0.00531475
-0.36269223
-0.00976134
1.24681236
-0.34370430
-0.09317313
-0.00500940
-0.26394926
-0.10943101
-0.06738836
-0.00473120
-0.29394992
2.88957247
-0.07733670
-0.00029021
-0.00434613
-0.01146124
-0.11324676
-0.00014858
-0.09999300
-0.01977917
-1.92801430
-0.09095796
-0.69139602
0.53089496
0.38060688
-0.05846699
-0.74032608
-2.13875744
-0.00546268
-0.00102875
-0.00212888
-0.04708842
-0.04839224
-0.00190568
-0.08327853
-0.19870568
3.07729364
0.00280980
-0.04431286
-0.04478465
72,3
1,1,1
1,1,1
1,1,1
1,1,1
1,1,1
1,1,1
1,1,1
1,1,1
1,1,1
1,1,1
1,1,1
1,1,1
1,0,0
1,0,0
1,0,0
1,0,0
0,1,0
0,1,0
0,1,0
0,1,0
0,0,1
0,0,1
0,0,1
0,0,1
1,0,0
1,0,0
1,0,0
1,0,0
1,0,0
1,0,0
1,0,0
1,0,0
1,0,0
1,0,0
1,0,0
1,0,0
1,0,0
1,0,0
1,0,0
1,0,0
0,1,0
0,1,0
0,1,0
0,1,0
0,1,0
0,1,0
0,1,0
0,1,0
0,1,0
0,1,0
0,1,0
0,1,0
0,1,0
0,1,0
0,1,0
0,1,0
0,0,1
0,0,1
0,0,1
0,0,1
0,0,1
0,0,1
0,0,1
0,0,1
0,0,1
0,0,1
0,0,1
0,0,1
0,0,1
0,0,1
0,0,1
0,0,1
0
0.50000000
1
